44	-75	0
38	-69	0
86	-34	-6
4	1	0
1	-4601	-110
-14	-24	4
184	13	10
50003	-50014	-71300
50000	-50032	-71296
24	-56	0
5	-21	1
107	-3	16
62	-111	0
-27	-3	0
-1	3	-712
10	0	-98
11	21	0
50004	-50000	-71300
-14	-23	10
56	-87	0
14	8	0
-55	-12	0
-9	-9	12
-55	6	0
106	8	1
199	-31	10
1	-4600	-104
-7	60	0
126	2	11
91	-48	0
-37	-49	0
94	-88	0
0	-25	-500
32	-13	10
-1	-4602	-104
2	5	2
-41	-12	6
-5	38	0
4	-31	-2
-23	-51	0
96	-101	0
117	-54	0
86	-35	-2
-48	-64	0
-4	24	0
-47	-1	0
-19	-28	0
3	7	8
26	-13	6
-19	-26	2
-78	-8	0
-5	-9	0
-137	3	-2
50000	-49987	-71300
134	1	20
-55	4	0
75	-104	-12
-28	-55	0
-8	-7	0
49987	-50029	-71298
1	0	-95
-25	-42	0
-38	-5	6
-47	6	0
-1	-4600	-106
21	-25	0
-9	-25	-6
100000	100003	100000
84	-32	0
-123	0	0
126	-3	8
-17	-24	-2
88	10	2
19999	20003	20002
-132	5	-1
0	8	0
-3	56	0
-23	-57	0
64	-7	0
-12	-43	10
104	-50	0
49998	-50000	-71300
-2	32	0
24	-59	0
110	-14	16
-13	-2	0
-53	-10	0
24	-19	0
49990	-50000	-71300
-1	-4602	-108
-42	-62	0
50005	-50000	-71300
69	-103	0
20	-13	0
89	-38	4
-30	-3	-2
-9	47	0
14	-27	2
-1	-9	0
200	-22	10
190	-20	10
25	-62	0
67	-47	0
-26	-18	0
-1	-34	0
-1	-11	0
20000	19992	20000
109	-48	3
-51	-6	0
1	-1	-98
0	-14999	3
-48	-11	-5
50003	-50000	-71300
103	-49	4
6	6	0
112	-45	2
-40	-1	0
-11	-15	6
4	6	8
0	-21	-500
32	-18	0
49991	-50024	-71298
156	15	10
113	-45	-2
200	-31	10
49992	-50000	-71300
204	-20	10
-149	37	-4
74	-105	0
-24	-11	5
49989	-50023	-71298
71	-50	0
5	-21	0
49998	-50034	-71303
78	-100	-6
2	-24	-494
6	-23	-496
0	0	-680
-7	4	0
35	-35	-2
20004	20001	19500
5	-3	0
15	11	0
-47	-3	0
-13	4	-106
25	-21	2
0	-7	-500
157	16	10
199	-29	10
43	-17	0
93	-97	0
20000	19992	20003
50012	-50028	-71270
-31	-5	0
89	-37	-2
56	-97	0
-11	7	0
83	-38	-4
16	12	0
74	-103	-10
-23	-60	0
74	-44	4
126	4	8
100000	99998	100000
-5	1	2
96	10	2
-21	-19	2
2	-1	-10
-11	-43	0
117	-46	0
-10	5	-102
-19	-16	14
-19	-15	12
20000	19995	20000
109	-14	16
-30	-55	0
-16	-24	12
5	-1	-98
-53	9	0
0	-11	-97
-44	7	0
199	-23	10
-52	-64	0
80	-39	0
50003	-50039	-71310
0	4	0
-19	-5	0
19	-18	0
119	-55	0
134	2	24
-40	-10	-2
-17	-24	2
78	-98	0
49995	-49999	-71300
-27	-1	0
83	-35	-4
-10	5	-104
111	-59	32
50009	-50029	-71273
63	-112	0
32	-14	10
-38	-8	0
-19	-22	0
111	-14	22
105	-50	0
9	21	4
87	-91	2
-30	-24	6
114	-49	0
50	-20	1
158	15	10
3	-1	-98
85	-34	0
8	21	4
-22	-58	0
12	-44	0
0	-4604	-107
-39	-13	0
0	-6	0
0	-13	0
-3	2	-704
-48	-66	0
-16	41	0
-47	5	-2
58	-107	0
20000	19999	18000
37	-68	0
20000	20001	18000
106	-97	0
16	-3	2
65	-5	0
74	-96	-5
49999	-50035	-71304
5	6	0
91	-105	0
10	22	0
-20	-16	12
114	-59	32
131	-4	14
21	-9	2
-29	-24	6
108	-51	2
26	-23	2
-42	-3	0
28	-12	2
19998	20001	19500
-26	-12	0
105	8	0
-54	9	0
-17	-5	0
0	0	-2
0	-10	-500
20001	19994	19998
111	7	4
115	-53	0
-7	-1	2
169	15	10
73	-121	0
13	13	0
-5	2	-700
92	-104	0
9	11	0
-5	-9	4
15	-26	0
3	-3	-699
-35	-3	0
-28	0	0
77	-100	-6
14	0	0
-55	-13	0
-1	24	1
50001	-50028	-71305
-7	-30	-10
9	22	0
9	19	0
-138	-2	0
17	11	0
93	-84	2
35	-67	0
-39	-63	0
-19	-13	2
49997	-50018	-71300
-77	-8	0
49986	-50029	-71296
50011	-50030	-71270
-47	-8	0
112	-58	20
-55	-6	0
-25	-19	0
-33	-61	0
5	-24	0
100005	100000	100000
-24	-11	2
-44	-13	0
-4	5	-700
-15	-28	0
-5	3	-700
-41	-3	2
-154	29	20
127	-1	12
139	-3	14
50004	-50024	-71300
20002	19996	20006
93	-86	2
-32	-18	0
134	2	25
0	-4603	-108
1	5	0
18	-4	2
20000	19995	20006
54	-77	0
200	-198	-198
108	-14	16
100	-52	0
16	-15	0
120	3	6
-10	-17	0
49992	-50026	-71298
74	-98	0
-41	-5	6
-3	-18	-6
-10	4	-104
-10	-4	0
-7	0	0
25	-9	12
-21	-66	0
33	-18	0
-14	-3	0
0	-12	-95
56	-94	0
-150	38	0
87	-107	0
208	-25	10
-42	-15	0
16	-12	10
-12	1	0
87	-91	0
49996	-50015	-71300
26	-17	0
-151	51	0
65	-93	0
112	7	4
-33	-55	0
9	-44	0
-13	5	-108
110	9	4
88	-34	-2
71	-80	0
128	-7	12
-42	-13	6
77	-9	0
-46	-3	0
49997	-50016	-71300
86	-39	1
72	-51	0
50009	-50029	-71294
126	2	12
5	1	-700
20001	20005	19500
10	-42	0
-38	-19	6
50003	-50024	-71300
1	-11	-704
-48	-59	0
50000	-50028	-71304
-138	3	0
29	-63	0
9	-43	0
50003	-50035	-71304
-31	-6	0
-27	-11	3
-46	-65	0
134	2	20
195	-19	10
78	-105	0
-10	8	0
-46	-62	0
78	-36	0
131	-7	12
27	-61	0
-33	-4	2
-8	-28	0
-134	2	-6
50000	-50009	-71300
-27	-67	0
67	-116	0
95	-94	0
-149	37	0
50000	-49992	-71300
50000	-49996	-71300
-5	57	0
-10	-27	-12
91	-87	0
1	1	2
-31	-2	0
106	-50	0
9	-41	0
50005	-50032	-71302
77	-101	-6
85	-2	0
7	24	0
28	-19	2
13	-3	0
-99	5	0
0	12	0
3	-16	0
4	-3	-688
-43	-67	0
28	-25	0
64	-1	0
-5	-6996	-799
22	-10	10
-99	-7	0
50009	-50029	-71302
5	-14998	4
-48	-11	-7
-25	-24	6
47	-76	0
0	9	0
128	5	8
-42	-55	0
-63	-16	0
8	18	0
3	-18	-500
-8	43	0
123	3	6
1	-4600	-108
78	-10	0
-9	-30	-8
2	-25	-497
73	-97	-4
0	-27	-496
92	9	2
-137	1	0
-4	0	2
107	-49	0
-12	-20	0
69	-50	0
-14	-24	2
-9	-15	4
-21	-12	2
110	-62	32
-5	-5	0
6	-5	-500
-4	46	0
-5	-20	0
12	11	0
91	12	2
112	-12	16
30	-19	0
129	-6	10
20003	20001	19500
-19	-9	0
133	1	18
-40	-3	0
1	-5	2
-139	5	0
-12	-24	0
107	-100	0
206	-26	10
160	13	10
-2	-31	-1
-48	-15	0
113	-63	32
-5	-7000	-796
107	-99	0
97	-94	0
5	-5	0
-132	5	0
50009	-50029	-71292
-95	-7	1
-21	-19	1
111	-51	0
49999	-50030	-71301
31	-30	0
-20	-5	0
50002	-50041	-71310
13	8	0
50002	-50029	-71304
50003	-50025	-71300
-14	-22	12
111	-45	2
20000	19992	20006
109	8	3
-12	-36	2
0	-4598	-110
99	-50	2
16	14	0
112	-59	26
-3	-18	0
2	-25	-496
111	-13	21
-8	-35	0
50000	-49988	-71300
115	-61	32
2	1	6
87	-34	-4
20000	19993	20000
-2	0	-680
1	-12	-700
79	-100	0
21	-18	0
96	-94	0
12	21	0
128	-6	10
-3	-24	0
-26	-63	0
-5	1	-680
32	-30	0
0	-4600	-106
-5	-24	0
2	-3	-697
29	-13	8
68	-66	0
-104	-6	0
-19	-57	0
100000	99993	100000
78	-12	0
-26	-16	0
124	3	6
16	-26	0
83	-37	0
-40	1	-1
-31	-61	0
3	-25	-498
85	-40	-6
4	7	1
49983	-50030	-71294
4	-31	2
119	-51	0
110	-51	-1
83	-35	-2
-152	32	0
86	-46	0
135	-1	14
24	-20	2
50009	-50029	-71277
-23	-42	0
-27	-16	0
-42	9	0
-11	-15	8
40	-71	0
126	-1	8
0	-3	-700
-45	-7	-1
20000	19994	20002
-7	-16	0
50002	-50031	-71300
50000	-50031	-71298
-20	-18	12
84	-22	0
106	10	2
0	-4601	-106
-35	-22	0
100001	100001	100000
-19	-56	0
7	21	4
-82	-9	1
200	-19	10
-5	-25	0
20002	19995	19998
-132	5	-4
-5	0	4
115	-52	0
-4	-7	2
104	-5	16
-19	-10	0
27	-13	2
50009	-50029	-71290
133	1	15
-90	-7	2
132	-5	14
-6	-31	0
55	-88	0
-153	26	11
65	-113	0
121	-5	10
75	-105	0
-33	-56	0
86	-34	-4
-40	-6	0
20001	19999	19499
5	-6	-500
-9	-11	12
49	-18	0
-37	-60	0
23	-23	0
191	7	10
-9	43	0
110	-50	0
112	-59	21
56	-106	0
-27	-58	0
-29	-1	0
91	-84	2
49995	-50001	-71300
57	-88	0
11	21	4
-3	3	-712
100001	100005	100003
-25	-11	2
-55	1	0
88	-46	0
-137	3	-6
58	-15	0
14	21	0
8	0	-98
-41	-3	4
86	-39	-6
-10	3	-106
50007	-50028	-71302
-22	-5	0
89	-36	-4
-4	2	-680
118	-57	0
199	-5	10
-6	24	0
-14	4	-108
-7	-6999	-799
69	-10	0
21	-26	0
-40	-9	-2
117	-49	0
2	-4	-688
26	-13	11
-71	-10	0
8	0	-700
8	23	0
-52	-15	0
-3	9	0
-33	-5	4
-9	-12	10
109	3	0
59	-14	0
-29	-9	0
-39	-3	2
113	7	4
-7	-30	-7
0	-15	-500
-12	29	2
-34	-22	0
112	-59	29
91	-88	0
142	-1	15
-5	-2	0
-5	41	0
70	-50	0
-26	-24	6
130	-6	11
74	-103	-1
8	-40	0
1	-13	-702
-27	-24	6
49989	-50028	-71294
-24	-51	0
-6	43	0
20002	19999	19500
-7	-28	-8
-27	-15	6
4	9	8
-3	-2	-98
92	-93	4
5	11	0
-36	-60	0
116	9	8
-5	-23	0
-47	5	0
-5	60	0
-15	-24	0
-39	-18	6
37	-35	0
-2	3	-705
190	-17	10
-137	3	-3
-53	-64	0
89	-36	0
-11	-28	-8
1	-18	-500
-103	-6	0
-43	-3	-2
1	-34	0
49999	-50030	-71302
196	-9	10
30	-64	0
-39	-12	6
91	2	0
-33	-58	0
1	-10	2
0	-12	-500
-9	-13	14
50001	-50020	-71300
0	-32	0
2	-15000	0
74	-57	0
-6	-7	0
-9	-40	10
50006	-50027	-71301
-26	-67	0
-3	-7000	-794
126	3	8
50009	-50029	-71299
-139	4	0
20	13	0
-67	-10	0
0	0	3
36	-26	2
6	-22	0
-43	-57	0
4	11	8
117	-47	0
26	-12	8
50	-78	0
-4	-23	0
-2	0	-100
10	-2	-680
-45	7	-2
-40	2	0
84	-34	0
67	-88	0
48	-78	0
-21	-27	0
66	-10	0
3	-33	0
-40	5	-2
187	11	10
111	-13	16
-21	-26	0
-4	-19	0
-41	9	0
108	-47	2
-10	0	-106
24	-23	0
0	-2	-100
-23	-59	0
2	-1	-702
3	3	-700
-125	2	0
-31	-52	0
6	-13	0
-9	-24	0
-19	40	2
24	-18	0
-21	-19	0
-21	-62	0
2	0	-680
13	11	0
-50	-3	0
10	20	3
3	-14998	4
-5	0	-680
11	-43	0
197	-10	10
85	-34	-2
11	0	-680
111	-14	16
31	-24	2
-112	-4	0
-20	-14	1
-9	-11	0
50011	-50028	-71270
-16	-6	0
197	-33	10
-51	-5	0
-40	-6	-2
-7	-6	-500
50010	-50001	-71300
-2	3	-707
96	2	0
21	-56	0
70	-64	0
-19	-11	0
-46	-13	6
-8	43	2
-32	-16	0
-59	-2	0
6	-6	-500
-51	-60	0
49996	-50025	-71298
100000	100000	100000
93	-92	4
33	-33	-4
137	5	26
-1	-7	0
1	4	-680
49990	-50023	-71298
-47	3	0
72	-7	0
15	3	0
-3	3	-702
-50	-9	-1
-100	-6	0
2	-11	-700
-1	-6	-500
-16	43	0
108	2	0
50002	-50014	-71300
-23	-66	0
-10	2	-106
116	-47	0
-16	-23	12
-5	5	0
113	-44	2
-45	-67	0
13	-48	0
-12	-43	0
-20	2	0
1	-4600	-106
139	-1	14
4	-5	0
-14	3	-108
49994	-50017	-71300
2	-3	-700
-10	-30	-10
113	-46	0
-37	-5	0
-4	-17	0
-4	-9	0
-61	-3	0
84	-40	-2
-47	1	0
49	-79	0
73	-41	2
93	-83	2
9	-18	0
58	-87	0
17	-9	0
3	-39	0
37	-36	1
15	-49	0
-73	-10	0
110	-13	23
6	-2	0
195	-15	10
66	-114	0
8	2	-680
-6	-7	-500
3	-5	0
3	2	2
-82	-9	2
1	-12	-701
72	-63	0
2	-6	-500
133	1	16
-19	-58	0
127	-6	10
129	-7	10
-25	-63	0
49996	-50017	-71300
-102	-6	0
68	-69	0
49987	-50028	-71295
6	-37	0
71	-44	-2
89	-36	-2
-4	-7000	-796
-9	-7001	-800
-1	24	2
22	-12	11
46	-97	0
-25	-12	6
-14	-5	0
-37	-7	0
-34	-12	6
1	-3	-100
20000	19993	19998
109	-3	16
-36	1	0
9	21	2
86	-38	4
-8	43	1
20	-27	2
15	8	0
49991	-50000	-71300
-9	-17	12
-132	5	-6
-14	-10	0
-5	-2	-680
19996	20001	19500
-6	-1	2
126	5	7
-4	-7000	-800
-47	-13	0
109	-49	6
100000	100008	100000
-12	3	-104
111	-102	4
67	-90	0
3	5	0
93	7	2
3	17	0
-15	33	0
49999	-50030	-71300
86	-40	0
-2	-1	0
109	0	0
2	3	-700
-150	36	0
19	13	0
113	-45	0
-27	-65	0
-17	40	2
-12	-4	0
7	-5	-500
84	-44	0
50009	-50029	-71276
3	0	0
41	-31	0
50005	-50025	-71300
-10	-30	-8
-41	-13	0
40	-26	0
185	13	10
-10	-21	10
-28	-48	0
50007	-50015	-71300
92	-84	2
2	-17	0
-13	-25	12
-21	-5	0
-25	-15	6
49998	-50034	-71304
49992	-50027	-71298
-5	0	-1
59	-78	0
49990	-50028	-71298
16	-9	0
66	-102	0
-36	-21	0
4	-2	-98
19997	19997	19500
2	-26	-494
194	4	10
3	2	4
121	-8	10
-24	-5	0
-1	9	0
24	-19	2
-39	-3	0
-10	-13	5
62	-13	0
-7	-29	-8
-37	-5	6
50009	-50029	-71275
71	-109	0
106	6	0
-152	29	0
-12	-23	0
111	-47	2
20000	19992	19998
-29	-63	0
-152	30	1
-1	-3	-700
-24	-11	6
-14	-18	10
3	-11	-700
-38	-60	0
-40	6	-2
-25	-6	0
-150	40	0
2	0	-700
194	-19	10
101	-97	0
4	7	3
-49	-60	0
-111	-4	0
49990	-50026	-71298
-1	4	-704
115	-59	32
93	-93	4
74	-45	2
92	-93	0
21	-9	6
49993	-50031	-71300
54	-17	0
-9	-10	12
-16	-25	0
85	-32	0
-13	-4	0
-8	0	0
-13	-26	0
50002	-50043	-71310
74	-98	-6
7	-7	-500
-1	-4601	-108
-34	-61	0
49999	-50027	-71300
20002	20000	20002
-1	5	-700
194	-17	10
66	-71	0
2	-1	-701
2	-3	2
11	-45	0
2	-3	-696
20000	19992	20001
12	-12	0
191	-22	10
-10	54	0
-37	-48	0
11	-44	0
68	-116	0
-17	-26	2
-16	-15	12
-14	-21	11
-45	-7	-2
111	-12	22
0	-15	0
133	1	13
72	-44	2
-139	3	0
7	0	0
74	-103	-8
-100	4	-2
24	-22	3
99996	99999	99999
100002	100003	100004
165	13	10
0	-4604	-104
-110	-5	0
61	-13	0
-25	-11	0
92	-93	-2
50011	-50032	-71302
-9	5	0
162	13	10
50009	-50030	-71302
-5	-10	0
-4	-3	-700
27	-63	0
-50	1	0
9	-6	-500
-12	1	6
112	-57	20
100002	100000	100000
-14	-21	12
-3	-3	6
7	-21	0
74	-102	2
4	-3	0
1	-33	0
-28	-1	0
111	-46	0
6	-41	0
-11	-34	0
200	-198	-200
20006	20001	19500
103	-46	2
62	-98	0
-27	-2	0
186	12	10
-8	-11	0
144	16	10
-4	-31	-3
86	-2	0
116	2	5
-11	-10	0
52	-77	0
34	-33	-3
19	9	0
74	-43	2
209	-26	10
25	-9	13
41	-27	0
-6	-6999	-800
-40	8	0
2	-4	-693
89	-38	-6
-11	-15	9
50001	-50033	-71302
65	-8	0
19999	19997	19500
1	-2	2
30	-25	0
14	-48	0
197	-11	10
50000	-50012	-71300
-11	-1	-106
0	-14	-500
-7	-28	-10
-28	-61	0
99999	100003	100001
-24	-49	0
4	-40	0
133	0	14
3	-31	-2
-45	-11	0
-2	3	-701
74	-53	0
-9	-30	-10
83	-29	0
192	6	10
83	-35	0
-51	-1	0
48	-77	0
-6	44	0
88	-90	1
-11	-39	0
36	-35	-2
74	-98	-2
-15	-10	0
197	-28	10
50002	-50029	-71303
18	-27	0
50001	-50030	-71302
0	-4603	-110
-18	-23	0
72	-121	0
2	-5	2
-8	53	0
-150	51	0
50000	-50023	-71300
-12	43	0
1	0	15000
123	4	12
-61	-16	0
195	-23	10
-2	9	0
-53	-11	0
-35	-2	0
-43	-13	-2
121	3	6
-14	-19	10
11	10	0
23	-9	10
100000	100005	100000
77	-104	0
46	-96	0
-11	5	0
87	-109	0
-13	2	0
17	10	0
2	1	0
18	14	0
5	7	8
49992	-50030	-71298
56	-100	0
2	-25	-494
49997	-50031	-71300
9	-14	0
4	7	0
-31	-64	0
-46	-7	-2
-4	-30	-2
-11	29	0
-100	4	0
-6	0	-700
126	-4	8
99996	99999	99995
-48	-63	0
90	-87	0
56	-104	0
88	-1	0
16	9	0
-75	-8	0
-26	-44	0
-48	-7	0
49990	-50033	-71292
100000	99996	100000
101	11	2
50009	-50029	-71280
0	1	-10
-10	-27	-8
-49	-5	0
49994	-50000	-71300
-34	-60	0
1	-9	0
-23	-61	0
22	-9	10
-24	-14	6
206	-25	10
131	-5	12
-6	6	0
-25	-43	0
115	-46	0
-31	0	0
96	12	2
-55	-3	0
49988	-50029	-71298
75	-123	0
75	-37	0
119	2	6
4	-2	-94
3	-3	-680
49991	-50027	-71298
-3	-18	-5
-31	1	0
50000	-50017	-71300
114	-12	24
49994	-50019	-71300
-7	-30	-8
37	-36	0
-9	1	6
19997	20000	19500
26	-62	0
20004	20000	19500
16	-4	2
99	-97	0
2	3	2
-16	-24	0
49991	-50030	-71298
197	0	10
13	-8	2
105	9	0
100004	99999	99999
-10	1	6
50001	-50028	-71304
-67	-12	0
1	-4601	-106
-12	-34	0
-3	-6	-500
5	-4	0
1	-9	-700
11	-26	2
205	-24	10
45	-75	0
-11	-12	10
1	0	-92
0	-4600	-104
-4	-30	0
19999	19996	19998
-12	-31	0
17	9	0
0	-1	-102
-24	-10	8
9	0	0
-33	-5	3
-4	0	1
-41	-6	6
-2	3	-704
49992	-50029	-71298
20001	19995	20006
20000	19999	16000
64	-113	0
66	-8	0
25	-20	2
25	-10	10
34	-33	-1
-35	-55	0
-18	-16	14
31	-30	2
-28	-44	0
50000	-50016	-71300
-10	-10	0
-10	-1	0
49995	-50018	-71300
94	7	2
49996	-50032	-71300
49991	-50026	-71298
98	-52	0
-11	-14	11
13	10	0
74	-103	-3
-16	-25	12
-150	37	0
-27	-63	0
-8	-3	0
-5	-10	4
19999	20000	17000
2	-1	-100
1	-11	0
108	-50	2
16	-3	1
0	-4600	-110
-6	-12	4
-152	49	0
-21	-52	0
-47	-8	-2
-6	-5	-500
-1	4	-680
4	7	2
-11	3	-106
81	-106	0
-2	31	0
15	-51	0
65	-95	0
0	3	0
49999	-50017	-71300
8	21	2
100000	99999	100000
-3	0	0
64	-2	0
6	-1	-98
39	-73	0
-25	-67	0
-27	-19	6
-9	-7	0
11	12	0
177	12	10
0	11	0
1	-10	0
108	-52	2
-8	-30	-10
-47	-11	0
-100	6	0
-10	1	0
49999	-50029	-71302
-2	-3	-700
-86	-8	2
-152	38	0
110	-12	18
29	-13	10
-10	-30	-6
-50	-63	0
15	13	0
-5	-6996	-798
3	1	-2
50000	-50002	-71300
20000	19999	20002
89	-38	-4
86	-33	0
89	-39	-6
-19	-43	0
-38	-3	2
-18	40	2
-35	-4	0
2	-25	-499
0	-15	-94
-18	-15	12
-18	-23	2
50009	-50029	-71285
0	1	10
-10	-14	14
19	12	0
-29	0	0
-37	-51	0
57	-105	0
0	24	2
73	-123	0
49990	-49999	-71300
74	-99	-6
-1	3	-680
7	18	0
-7	-30	-9
168	15	10
42	-74	0
-1	-6	-100
-18	-26	2
80	-15	0
63	-101	0
-11	-6999	-800
-42	7	0
-152	30	0
16	-10	0
87	-108	-1
20	14	0
-20	-27	0
-12	-13	-4
1	-28	0
51	-77	0
-5	-30	2
5	0	-2
50009	-50029	-71300
22	-20	2
-100	3	2
7	-6	-500
-9	-18	12
18	-13	0
-5	-3	-680
195	-7	10
100000	99992	100000
-4	-5	6
50000	-50035	-71304
-7	25	0
-53	2	0
50003	-50035	-71305
21	-23	2
0	-4598	-108
111	-52	0
-3	3	-704
-45	-14	6
-129	5	0
55	-93	0
70	-39	0
122	-4	11
-33	-12	6
194	-21	10
34	-33	0
-28	-16	0
100	5	0
3	-6	-500
100000	100006	100000
6	-23	0
-1	-4602	-106
-2	3	-710
-18	-25	2
69	-77	0
-12	-35	0
34	-17	0
49997	-50025	-71300
0	-5	2
-4	0	-2
-27	-4	0
2	-4	-689
197	-12	10
-47	-7	-2
12	9	0
-152	46	0
-43	-13	0
-132	3	-6
49986	-50029	-71294
65	-73	0
201	-16	10
68	-67	0
110	-11	18
-44	-15	6
112	-101	0
-9	-6999	-800
85	-107	0
108	-99	0
-20	0	0
-55	-4	0
66	-76	0
1	-16	-94
20001	19997	20002
9	19	4
-5	6	0
-4	35	0
0	-13	-94
-49	0	0
-29	-55	0
9	18	2
0	2	10
89	-36	-6
-26	-47	0
-10	42	2
-17	-15	12
-5	-16	-3
-20	-13	2
-9	-18	0
86	-39	0
74	-44	2
67	-87	0
140	-2	14
-38	-6	0
0	-8	0
19996	20001	20002
-18	40	0
109	-105	6
2	1	-698
-36	-5	0
50009	-50029	-71287
-14	-25	0
1	-15000	0
104	-4	16
-8	-15	14
108	0	16
-154	39	0
1	15	0
50000	-49998	-71300
-19	-55	0
72	-104	0
50009	-50031	-71302
-15	-24	12
109	-53	0
37	-25	0
0	-6	-502
-48	-11	-3
-18	-14	2
-24	-13	6
50009	-50029	-71284
-10	-13	-2
-5	2	-680
20001	20002	19500
10	-2	0
4	-3	-700
70	-77	0
-53	-60	0
19997	20004	20000
-62	-16	0
-6	-23	0
-72	-10	0
1	1	-1
-96	-7	0
8	21	0
-7	40	0
74	-103	-9
8	7	8
56	-107	0
-41	-2	0
-5	-1	0
-2	2	-712
103	-11	16
-28	-14	6
-18	-16	12
-25	-56	0
-10	-13	2
50012	-50030	-71270
46	-77	0
25	-9	10
2	18	0
112	-44	0
25	-23	0
-69	-10	0
111	-101	0
-47	-11	-2
112	-44	2
-32	-24	6
38	-18	0
-8	-6	-500
102	11	2
3	-5	-700
49989	-50029	-71298
0	-8	-500
-7	-29	-10
20	12	0
-5	59	0
-33	-3	0
-10	-3	-106
70	-43	0
71	-63	0
53	-77	0
-3	0	-680
22	-57	0
-48	-61	0
0	-20	-500
-46	-10	0
58	-88	0
5	0	-700
49993	-50036	-71292
126	1	10
49984	-50030	-71294
0	-4602	-110
49992	-50031	-71299
0	-1	10
87	-39	2
192	8	10
49999	-49995	-71300
32	-32	-2
0	-4603	-106
-8	-19	0
14	-47	0
92	-83	2
-9	-30	-12
77	-36	0
50003	-50038	-71310
50009	-50029	-71291
50004	-50014	-71300
130	7	8
87	-34	0
79	-99	0
27	-24	2
49991	-50031	-71298
100001	100005	100004
-20	-8	0
0	-4601	-102
-14	-22	10
-48	-3	0
0	1	-680
20001	19996	19998
15	-11	0
-41	-5	0
-10	-13	1
34	-24	2
1	-4	2
-8	51	0
33	-24	2
93	-94	0
-149	28	30
2	-7	-500
-53	-3	0
21	-28	2
-11	-13	2
-5	-6	-500
121	-3	10
86	-35	-6
-9	49	0
4	7	4
-9	-24	-4
134	3	20
107	-98	0
20	-18	0
89	-35	-2
135	5	26
-10	0	8
0	-1	15002
130	-5	14
0	-14	-94
11	-27	1
92	-87	2
50001	-50028	-71302
89	-35	-4
69	-118	0
19	11	0
87	-40	0
-15	41	0
1	-4602	-108
3	16	0
-10	-13	-4
49986	-50029	-71292
-55	-15	0
112	-47	0
-6	58	0
-53	-15	0
18	-17	0
1	-25	-492
-7	-36	0
50002	-50038	-71308
-29	-67	0
-13	-24	0
-2	3	-702
-33	-22	0
31	-30	1
105	11	2
70	-121	0
48	-76	0
-8	-30	-12
1	-5	-700
-42	-58	0
57	-107	0
138	5	26
-4	-12	0
15	4	0
50001	-50031	-71300
20001	20000	17000
101	-49	2
-20	-10	0
-32	-58	0
65	-94	0
142	-1	12
79	-102	0
11	18	2
134	1	18
20000	19993	20006
-8	-27	-6
29	-25	0
56	-78	0
-7	-6999	-800
83	-30	0
134	4	26
111	-46	1
50001	-49990	-71300
1	-25	-498
-11	-15	14
-1	1	10
49999	-50000	-71300
15	-16	0
52	-81	0
49992	-50024	-71298
4	-25	-498
12	22	0
0	-35	0
110	-101	0
1	-4600	-109
1	-6	-100
0	-1	-100
5	-1	0
125	4	6
-2	33	0
36	-69	0
197	-34	10
10	-2	-98
114	2	4
105	-12	16
79	-36	0
50009	-50000	-71300
20001	20004	19500
-11	-42	0
-4	-6999	-796
-1	-1	10
5	3	0
-12	-10	0
19996	19998	19500
-4	40	0
80	-35	0
-11	-28	-6
121	-57	0
111	-103	1
2	-4	-1
108	-48	0
-10	2	8
71	-44	1
10	-44	0
195	1	10
36	-17	0
4	7	6
21	-24	0
-38	-5	0
-12	-36	4
-16	44	0
-5	4	0
202	-22	10
-34	-7	0
76	-36	0
26	-61	0
109	-101	0
-7	-12	0
-33	-5	5
-25	-57	0
1	-6	2
26	-16	0
-10	-13	9
2	1	-699
19999	19996	20000
10	10	0
50000	-50031	-71300
0	-3	0
-29	-64	0
111	-13	24
-4	3	0
20001	20003	19500
0	7	0
111	-102	0
86	-35	-4
197	-32	10
12	-45	0
58	-106	0
5	-7	-500
100004	99999	100001
0	-4598	-109
-31	-67	0
22	-23	0
0	-16	-94
4	-3	-682
44	-76	0
47	-78	0
89	-35	-6
95	-50	0
-7	52	0
0	-33	0
2	-4	-692
1	-2	-2
-9	-30	-6
18	-54	0
13	9	0
138	-3	14
-10	-29	0
98	11	2
-6	-6996	-798
19999	19997	20002
-30	-52	0
122	3	6
39	-19	0
49988	-50026	-71296
210	-25	10
-59	-16	0
6	2	-680
-48	-11	6
23	-55	0
-22	-19	0
62	-93	0
49988	-50024	-71298
133	-3	14
74	-98	-1
47	-18	0
-12	3	-108
-40	-8	-2
-16	-5	0
20001	19997	19500
8	18	2
-4	-33	0
-18	-17	12
-153	26	12
-2	-7	0
30	-18	0
14	-17	0
-100	-5	2
-133	5	-4
4	-3	-687
-2	22	0
34	-33	-4
-17	-24	6
-37	-52	0
34	-33	-6
100001	100005	100006
182	13	10
-42	-65	0
-15	-21	10
-26	-5	0
74	-96	-2
-10	-13	10
-9	48	0
-5	-3	0
20000	19992	20004
1	-9	2
100000	100004	100000
87	-2	0
-48	-3	-1
89	9	2
-100	-5	0
74	-122	0
-41	-3	0
3	1	-680
0	-4598	-106
33	-31	-2
100	-48	2
65	-102	0
128	3	8
69	-83	0
111	-12	19
-9	-14	10
-42	-4	6
74	-101	-6
-41	-3	5
73	-44	2
121	-54	0
-3	-4	6
50009	-50029	-71286
13	-47	0
-4	58	0
49991	-50028	-71298
201	-22	10
24	-22	4
-9	-34	4
110	-59	32
20002	19999	20002
-42	-13	0
-49	-13	0
-128	5	0
-28	-24	6
1	-8	-700
65	-11	0
-47	-6	-2
2	-18	0
-21	-28	0
50008	-50029	-71302
20000	19997	19500
93	-104	0
-151	28	0
-50	-6	0
-7	0	6
67	-86	0
49988	-50027	-71296
50003	-50031	-71301
-43	-15	0
-55	-11	0
82	-33	0
-45	-3	-2
67	-9	0
52	-82	0
-25	-47	0
94	2	0
13	-8	1
49988	-50023	-71298
-20	-15	2
-13	-5	0
20	9	0
-40	3	0
95	-86	2
92	-92	4
69	-44	0
-9	-27	-10
49990	-50024	-71298
-15	32	0
-11	-28	-10
0	0	5
31	-13	10
5	2	-680
107	6	16
114	-54	0
37	-29	0
-12	-16	10
49986	-50024	-71294
-3	2	-680
-33	-24	6
-30	-54	0
90	9	2
29	-13	9
-9	-9	0
5	-1	-700
-12	-6999	-800
-3	5	0
122	4	12
-10	-27	-10
52	-80	0
1	-12	-702
-27	-11	0
150	16	10
20000	19992	20002
2	-25	-492
0	1	15002
20000	20001	20002
-29	-13	6
-4	-1	-680
28	-63	0
49	-19	0
-60	-3	0
26	-13	5
49997	-50025	-71299
49984	-50030	-71292
21	-20	2
-10	-1	-106
51	-93	0
26	-13	7
-5	-4	0
-47	-4	0
-152	30	2
83	-38	0
-4	-31	-4
19999	20000	15000
0	-4603	-109
-4	5	0
57	-87	0
108	7	4
19998	19995	20000
-154	38	0
2	-1	-8
106	7	2
92	-93	-1
-30	0	0
-5	-6	6
85	-40	-4
50000	-50028	-71305
2	-3	-680
-8	1	6
19	-14	0
-53	-12	0
64	-5	0
21	-12	10
87	-40	-6
96	-93	0
-53	-61	0
-9	-19	12
196	-20	10
-32	-24	0
199	-1	10
4	7	7
86	-32	0
-7	4	-107
-17	-21	10
89	-38	0
4	24	2
19996	19999	19500
-40	-14	0
37	-32	0
2	-3	-100
50004	-50043	-71308
-3	55	0
-11	3	0
-7	59	0
-11	30	0
9	-42	0
-137	3	0
-4	-34	0
167	14	10
56	-96	0
145	16	10
4	-6	-500
110	-13	18
76	-6	0
-7	4	-108
-45	9	0
87	-40	-2
0	-12	-94
-33	-4	1
-26	-6	0
75	-97	-2
-10	-15	14
85	-24	0
84	-34	-6
-35	-22	6
1	-25	-494
-3	-1	-680
-2	-11	0
93	-93	1
109	-53	2
25	-17	0
107	8	2
7	7	10
-38	4	0
-2	3	-706
1	1	10
189	10	10
0	-12	-96
50006	-50026	-71300
111	-62	32
2	-5	-700
200	-196	-200
81	-16	0
-10	-14	12
-41	-62	0
-5	58	0
20000	19997	19998
39	-69	0
-33	-3	2
26	-13	3
-17	-15	10
0	-7	2
96	-95	0
-9	-29	-12
61	-93	0
15	6	0
-6	39	0
99	4	0
197	-24	10
115	-63	32
77	-102	0
49987	-50025	-71296
-30	-67	0
89	-37	-6
5	-31	1
-52	-3	0
-9	-13	12
109	-48	6
8	11	0
89	-38	2
-18	-43	0
-23	-5	0
-55	5	0
100	-49	2
-13	-6999	-800
101	-49	4
49988	-50028	-71296
14	12	0
0	-4599	-104
109	-61	32
-44	-3	0
-10	-13	-6
-41	-67	0
20001	19994	20002
-46	-67	0
-5	-30	0
-55	-1	0
197	-5	10
-2	-3	6
99	-96	0
-151	38	0
-45	-13	-2
49986	-50029	-71298
-43	-15	6
50000	-49994	-71300
112	-62	32
68	-41	0
5	-33	0
13	-2	0
60	-79	0
-150	50	0
-35	-4	-1
39	-25	0
87	-108	0
1	0	-97
0	5	0
93	-50	0
-3	1	-680
112	-55	20
180	13	10
50004	-50015	-71300
-12	1	3
-17	-16	14
-22	-6	0
20000	19996	20006
197	-31	10
22	-12	12
50003	-50042	-71310
27	-13	0
24	-9	10
23	-58	0
-22	-24	6
49997	-50025	-71298
50009	-50029	-71283
-38	5	0
19998	20003	20002
0	-3	2
35	-25	2
83	-21	0
50000	-50011	-71300
-31	-62	0
75	-122	0
96	4	0
111	-12	20
-18	-9	0
3	2	6
0	-4604	-108
19	-9	0
-23	-24	6
1	-24	-496
83	-32	0
-4	-7	0
17	8	0
-2	1	-700
-15	-24	6
23	-57	0
200	-3	10
49991	-50025	-71298
26	-63	0
62	-100	0
49991	-50034	-71292
49	-94	0
50001	-49995	-71300
49997	-50031	-71292
-23	-6	0
95	-103	0
102	-97	0
11	-19	0
112	-5	16
-153	38	0
166	13	10
89	13	2
-37	-20	6
-153	26	10
49994	-50033	-71292
-115	-2	0
50001	-50032	-71296
-6	60	0
-66	-13	0
-5	61	0
21	-9	4
0	-4602	-104
100002	100003	100003
-35	1	0
5	-21	2
-11	9	0
110	-51	-2
-10	7	0
1	19	0
-5	0	-2
84	-106	0
-49	-3	0
109	-49	2
-10	1	2
-153	28	0
112	-59	27
-9	50	0
71	-110	0
-132	4	-6
108	-100	0
183	13	10
-37	-1	0
26	-20	2
109	-53	1
32	-24	2
83	-36	-2
-5	-3	-700
111	-103	4
7	0	-700
27	-13	6
-124	1	0
92	-49	0
-4	-1	3
-42	-67	0
2	-23	-498
-38	2	0
113	-7	16
20000	19993	20002
13	-1	0
5	-5	-500
50010	-50000	-71300
-5	37	0
5	-2	-680
20	8	0
81	-3	0
73	-97	0
194	-31	10
-94	-7	0
74	-100	-6
-55	-8	0
-5	3	0
24	-57	0
92	-86	2
89	-37	-4
109	-48	0
94	-104	0
-21	-61	0
34	-24	0
-2	-31	0
-20	-25	0
-5	-11	4
27	-62	0
87	-37	2
114	-13	24
-47	7	0
-15	-6	0
-10	-2	-106
-28	-2	0
0	-4604	-103
-7	43	0
35	-24	0
33	-24	0
200	-4	10
3	-25	-494
128	4	8
0	-5	-700
-55	7	0
175	12	10
-3	-5	0
5	18	0
-44	-67	0
68	-103	0
-4	-31	-2
188	10	10
32	-24	0
-108	-6	0
41	-28	0
-18	-25	0
113	-55	20
-15	-24	10
112	-59	31
63	-111	0
24	-21	2
50007	-50032	-71302
1	-4600	-102
49999	-50015	-71300
105	5	16
-119	-1	0
73	-97	-3
87	-108	-2
-53	-5	0
49999	-50020	-71300
10	-1	-680
-21	-63	0
0	-14999	2
28	-13	10
107	9	4
-135	3	-6
49988	-50025	-71296
-91	-7	2
52	-92	0
3	-1	-700
19997	20004	20002
0	-29	0
-9	-16	12
-15	-25	8
-152	32	2
49989	-50033	-71292
103	-49	2
87	-34	-6
95	13	2
-2	10	0
2	-3	-694
50000	-49993	-71300
4	-3	-686
-1	0	12
-3	-33	0
67	-48	0
-81	-9	0
-3	-31	-2
-47	-15	0
2	-36	0
78	-99	0
112	-13	22
-12	-35	1
91	-89	0
-98	-7	0
-67	-11	0
49988	-50025	-71294
49993	-50026	-71298
16	-14	0
0	-5	-100
-121	-1	0
25	-22	2
-123	-1	0
79	-38	0
-11	-18	0
127	-6	8
-29	-13	0
31	-64	0
74	-98	-4
-82	-9	0
67	-115	0
50003	-50043	-71310
126	2	8
20	-56	0
99999	100000	100000
65	-72	0
-3	26	0
27	-13	14
71	-8	0
18	9	0
117	2	6
-6	44	2
12	10	0
19999	19994	20002
-1	-33	0
-30	-16	0
91	14	2
81	-17	0
80	-105	0
-11	-14	14
-46	7	-2
-12	-36	6
0	-2	0
15	2	0
200	-196	-198
120	1	6
72	-122	0
16	-12	0
1	4	-1
89	-39	-4
0	-4602	-108
132	-3	14
41	-30	0
137	0	14
196	-28	10
0	1	-98
84	-29	0
-11	-15	5
12	0	0
77	-105	0
4	0	0
196	-31	10
93	-93	2
-5	-7	4
50	-20	2
92	-89	2
-11	1	8
2	1	-2
33	-25	0
50009	-50029	-71271
78	-4	0
74	-54	0
85	-39	2
-15	43	0
107	-47	2
-17	-13	2
-100	5	-2
92	-87	0
0	-3	-500
50000	-50014	-71300
204	-17	10
-37	-47	0
21	-9	7
-53	0	0
25	-10	14
0	0	-701
93	14	2
-116	-1	0
-39	-62	0
124	4	12
-88	-7	2
34	-69	0
34	-31	-2
-51	-15	0
89	-46	0
106	9	2
-47	-9	0
-136	3	-6
-25	-65	0
-1	-5	0
73	-122	0
49991	-50029	-71298
-21	-54	0
83	-35	-6
-5	0	0
171	15	10
51	-79	0
-33	-7	0
109	-60	32
-9	4	-100
-12	54	0
-5	-6	0
94	-98	0
-14	-23	0
-11	-35	4
-2	3	0
82	-3	0
99999	100003	99999
-9	-24	-5
10	-19	0
102	-50	0
-31	-24	6
103	11	2
-34	-62	0
34	-67	0
-24	-48	0
-4	3	-700
-26	-15	6
5	-38	0
-35	-2	-1
-4	0	-700
-44	-65	0
10	20	1
111	-11	20
198	-20	10
-48	-7	-1
-12	-25	0
0	0	2
89	-37	0
2	-1	-98
-5	0	3
119	-54	0
-21	-58	0
1	0	1000
-13	-40	10
-33	-5	6
133	1	17
100002	100003	100001
-29	-11	0
-41	-11	6
49996	-50032	-71292
50005	-50014	-71300
49986	-50026	-71296
2	-4	-691
0	-2	10
-47	-12	0
65	-75	0
-45	-3	0
5	-5	-700
-42	-3	6
74	-103	-5
-58	-3	0
-48	-11	4
194	-18	10
73	-52	0
5	-6	0
4	-21	0
20000	19999	17000
200	-197	-198
-12	-30	0
50005	-50036	-71308
17	-4	2
-41	-4	0
10	8	0
16	8	0
-100	4	2
16	-6	0
134	3	26
-151	52	0
50002	-50038	-71309
-8	41	0
86	-25	0
-149	37	-3
12	13	0
50000	-50005	-71300
203	-16	10
130	-6	12
112	-59	20
110	7	4
9	21	0
112	4	4
-20	-1	0
3	-14999	2
-12	-1	0
-132	5	-2
-10	-14	4
87	-46	0
46	-78	0
-24	-6	0
83	-39	-2
-55	-7	0
142	-1	16
4	-31	0
1	5	-700
49989	-50022	-71298
-40	-60	0
79	-4	0
-8	26	0
74	-103	0
3	-28	0
1	2	-680
107	-97	0
103	-44	2
-51	-62	0
-41	-3	3
26	-13	8
114	-52	0
49988	-50026	-71294
10	2	-680
-3	-6999	-798
23	-56	0
-9	0	0
-21	-55	0
6	-4	-500
-35	-21	0
-36	-1	0
83	-36	-6
91	-94	0
1	-25	-500
110	-3	16
10	-43	0
16	11	0
-19	-7	0
37	-29	2
126	2	10
198	-33	10
-4	9	0
-1	3	-706
50002	-50024	-71300
13	-27	2
-52	-13	0
20001	20000	18000
24	-17	0
129	-5	10
-40	-12	0
1	-16	-500
10	-18	0
49995	-50017	-71300
2	-4	-690
15	-47	0
49988	-50022	-71298
83	-38	-2
21	-10	11
50004	-50042	-71310
49998	-50017	-71300
4	11	0
-17	-15	11
74	-41	2
-21	-51	0
191	-16	10
82	-42	0
7	-1	-98
50002	-50035	-71304
17	-27	0
3	11	0
-44	-63	0
96	-102	0
-12	-6998	-800
-106	-6	0
1	4	-2
-8	-9	0
-40	-10	0
-41	-60	0
6	18	0
16	-5	0
5	-31	0
21	-19	2
-29	-10	0
64	-4	0
-5	1	0
-4	-5	0
-132	5	-5
197	-27	10
-1	5	0
20	-12	10
76	-103	0
112	-4	16
20001	19999	19497
3	2	-1
-139	5	2
29	-18	0
-4	43	0
115	-48	0
2	-3	-698
12	14	0
22	-12	10
109	-48	5
-41	-65	0
-14	-24	5
60	-86	0
-5	-16	-2
9999	9999	9799
105	-97	0
37	-34	0
-5	-16	-4
49992	-50035	-71292
-28	-67	0
5	0	0
45	-17	0
35	-68	0
74	-96	-6
-4	45	0
198	0	10
50009	-50034	-71302
0	-1	-500
20002	19998	19500
4	-3	-681
-11	-29	-8
-40	-9	0
95	-87	0
49999	-50010	-71300
-44	-13	-2
14	-27	-1
-9	4	4
91	6	2
2	-2	0
-14	-24	0
49987	-50028	-71292
-1	-12	-96
49989	-50028	-71295
-34	-3	0
-28	-11	0
127	0	8
-42	7	-2
35	-33	-4
-40	-17	6
-4	57	0
-35	-12	6
91	8	2
0	0	15002
-43	9	0
37	-31	0
2	24	2
-12	-39	10
192	-22	10
50000	-50006	-71300
50008	-50000	-71300
0	-1	-700
103	-47	2
19999	19994	20000
2	-1	-700
-16	41	2
19996	19999	20002
88	-40	-2
114	-44	0
-28	-58	0
114	-8	16
83	-39	-4
86	-39	-4
117	-48	0
73	-106	0
56	-102	0
-1	2	-680
100	-50	2
-107	-6	0
-3	-18	-2
-38	-11	0
-43	-63	0
24	-19	1
20000	20000	19500
94	9	2
72	-108	0
1	-4600	-110
-2	-12	0
60	-85	0
-47	2	-2
-28	-4	0
0	-10	-99
43	-75	0
2	-35	0
0	2	-680
-1	-4601	-102
7	7	9
34	-33	-2
9	0	-700
-15	-25	9
87	-38	2
-150	41	0
134	2	23
-44	7	-2
27	-12	10
18	12	0
-24	-50	0
0	-11	-98
49987	-50029	-71296
-17	-24	0
-2	3	-700
-9	-15	14
-3	-18	-4
2	-24	-498
-5	5	-700
-8	-27	-8
12	-2	0
-2	4	-700
-47	9	0
26	-13	10
71	-61	0
15	-28	0
-58	-5	2
19	8	0
50008	-50032	-71302
-24	-67	0
-55	-10	0
106	8	0
50010	-50033	-71302
-100	5	0
-51	-13	0
-147	38	0
49985	-50030	-71294
-22	-51	0
46	-76	0
-4	-1	4
-10	-3	-103
45	-97	0
-17	-9	0
33	-30	0
-14	32	0
137	11	10
-14	-24	7
-9	-12	12
193	5	10
131	-6	14
-38	-12	0
0	1	-700
109	-48	4
126	5	6
83	-39	-6
0	-4601	-108
12	-46	0
12	24	0
194	3	10
-2	-3	0
200	-21	10
-39	7	0
2	-4	-2
-4	59	0
84	-34	-4
-2	-7	-500
17	-50	0
5	-31	-2
-10	-37	0
94	-87	0
-9	-14	14
23	-9	8
17	13	0
57	-16	0
50005	-50001	-71300
-42	-63	0
6	-40	0
28	-62	0
50	-18	0
100	-97	0
-22	-55	0
17	-53	0
-32	-19	0
0	1	0
1	-4	-10
110	-104	6
-14	-21	10
204	-21	10
36	-30	0
-40	-5	6
-3	3	-700
-4	3	-1
50006	-50032	-71302
-19	-16	12
21	-13	10
3	-4	-688
1	0	0
100001	99993	99999
-5	-2	-700
8	-2	-680
0	-14999	1
20000	19996	20000
-27	-12	0
71	-121	0
-12	4	-108
34	-12	10
76	-96	0
-19	-15	14
49999	-50031	-71292
0	-6	-100
-17	-18	12
50005	-49999	-71300
119	-49	0
112	-59	23
200	-2	10
0	-9	-500
-60	-16	0
22	-9	8
-10	5	-103
23	-20	2
-2	5	-700
111	-4	16
85	-40	0
49998	-50028	-71301
50001	-50032	-71295
-17	-6	0
70	-81	0
-34	-5	6
-9	-13	0
1	-14998	4
1	3	-680
26	-13	2
0	-9	-100
-14	-24	12
15	5	0
50009	-50029	-71278
49993	-50034	-71292
56	-88	0
-12	1	4
115	-51	0
-40	-11	0
-11	4	-100
136	5	26
110	3	0
-10	-13	-1
-133	3	-6
-49	-15	0
-41	-1	0
-2	-6	-500
-3	-10	0
-5	-6999	-800
-27	-47	0
50003	-50031	-71302
1	4	-5
10	9	0
50000	-50010	-71300
-28	-65	0
17	-16	0
2	-3	-1
-50	-9	1
3	-26	0
-20	-14	0
-42	-3	-2
-155	37	0
-137	3	-4
99996	100000	100000
37	-36	2
1	-4601	-108
0	0	12
50005	-50034	-71306
-152	48	0
-64	-15	0
12	-13	0
112	3	0
-40	-4	-2
47	-97	0
-16	-28	0
74	-103	-4
-44	9	0
-23	-64	0
-5	-5	-500
-5	-22	0
85	-45	0
21	-10	12
-14	-24	8
-38	-55	0
87	11	2
3	2	5
1	-2	-14998
127	5	8
126	0	12
30	-24	2
0	-4602	-102
190	-18	10
-52	9	0
133	-1	14
50	-20	0
1	0	6
110	-51	0
110	-12	16
126	0	10
50001	-50035	-71304
11	-11	0
19997	20003	20002
92	11	2
68	-68	0
100000	100007	100000
-16	-9	0
50001	-50028	-71306
50005	-50036	-71306
193	-16	10
50	-79	0
-21	-15	2
-23	-67	0
113	-44	0
12	-48	0
-5	-1	-700
71	-60	0
100	-51	2
122	-4	12
-49	7	0
12	-27	2
19	10	0
-10	3	-104
113	-45	-1
50001	-50032	-71294
111	-13	20
112	-59	30
20000	20001	15000
-9	4	0
-153	49	0
194	-32	10
4	-33	0
-11	42	0
-20	-26	0
-42	-56	0
197	-20	10
3	-1	0
102	-8	16
-12	-35	10
37	-69	0
-7	-28	-6
-24	-63	0
71	-78	0
-3	54	0
133	1	14
50000	-50007	-71300
-1	-4601	-104
-15	-40	10
-47	-9	-2
10	12	0
1	-8	2
-1	-3	-10
-114	-3	0
-8	0	-100
-5	-6	5
109	2	0
95	3	0
-32	-20	0
54	-81	0
64	-102	0
-30	-61	0
-150	35	0
56	-89	0
-1	-8	-500
-2	24	0
2	-25	-495
50000	-49995	-71300
50001	-50005	-71300
7	7	8
16	-8	0
21	-9	3
-10	5	-100
11	-1	0
-53	4	0
49998	-50034	-71302
18	8	0
-3	30	3
-20	-17	12
-47	4	-2
172	14	10
52	-17	0
8	19	2
6	0	-700
-27	-16	6
0	-4599	-109
11	14	0
-10	-24	0
-20	-19	0
-47	-67	0
14	-9	0
114	-46	0
149	17	10
6	-7	-500
-11	-20	0
0	-14	0
50000	-50020	-71300
7	18	2
-55	-9	0
-24	-42	0
27	-13	12
-8	-14	4
41	-17	0
-47	6	-2
119	-57	0
0	-4599	-102
-49	-1	0
-11	-41	0
49987	-50025	-71295
49995	-50016	-71300
50009	-50029	-71272
-32	1	0
115	8	4
-5	4	-700
-59	-1	0
-50	-9	2
14	-3	0
20	-27	0
206	-27	10
49990	-50025	-71298
-15	41	2
-13	-24	10
28	-13	6
78	-13	0
93	2	0
-5	-16	0
50001	-50014	-71300
68	-10	0
-31	-65	0
-1	-10	-100
-7	-28	-12
0	2	-98
100	-48	0
-14	-23	12
-18	-6	0
-9	-26	0
-40	0	0
126	1	12
-4	-6999	-797
-28	-3	0
42	-73	0
50004	-50031	-71302
69	-117	0
74	-103	-11
4	-5	-700
100000	100001	100000
49998	-50028	-71302
0	3	2
-9	-14	16
-24	-55	0
-6	44	1
-9	-24	-6
4	-14998	4
50000	-49997	-71300
-19	0	0
0	2	-700
-2	5	0
86	-34	0
120	-52	0
1	4	-6
11	-2	0
-39	-60	0
50013	-50029	-71270
61	-83	0
-21	-18	2
-149	53	0
2	-37	0
74	-56	0
-152	33	0
4	-25	0
74	-124	0
49990	-50001	-71300
100002	100003	100006
-41	7	0
-36	-55	0
-12	-37	10
118	-50	0
12	-47	0
10	20	2
-12	-36	8
24	-55	0
50003	-50037	-71308
72	-106	0
-18	-58	0
-100	5	2
-53	-63	0
16	-3	0
-8	-5	-500
127	3	12
-32	-12	6
-5	30	0
40	-70	0
-13	41	2
3	-2	-100
-48	-67	0
-46	7	0
-47	7	-2
49997	-50000	-71300
-13	-21	10
138	12	10
112	-58	32
-11	-15	7
49999	-50005	-71300
-13	4	-108
-9	1	-100
50003	-50023	-71300
-19	-24	2
55	-78	0
-39	-65	0
-19	-24	6
-13	-22	0
-21	-53	0
50004	-50037	-71308
67	-10	0
61	-82	0
4	-3	-685
-28	-14	0
11	-15	0
40	-73	0
50006	-50027	-71302
-13	-10	0
-1	21	0
106	5	16
-10	-3	0
-97	-7	0
92	3	2
71	-103	0
34	-66	0
72	-59	0
71	-44	0
-21	-65	0
92	2	0
10	20	4
75	-43	2
-45	-65	0
10	-1	0
-14	-6	0
113	-45	2
190	-21	10
-2	0	0
125	5	8
49998	-50031	-71292
60	-110	0
-35	-4	-2
37	-33	0
1	-6	-700
84	-40	0
-39	-5	0
-27	-11	4
76	-100	-6
31	-18	0
200	-32	10
-4	28	0
-21	-42	0
1	4	2
70	-9	0
-8	-6999	-798
1	0	2
111	-50	0
4	-38	0
1	-4602	-110
72	-39	0
207	-28	10
74	-55	0
-46	-64	0
9	-6	-502
-79	-8	0
3	0	10
0	-3	-14998
108	2	16
37	-30	0
-13	-31	0
-9	-8	0
13	-7	0
83	-106	0
49990	-50030	-71298
46	-98	0
61	-99	0
-38	-9	0
-10	-3	-105
-2	-25	0
16	-49	0
-41	-3	-2
50002	-50038	-71310
50009	-50029	-71297
-7	-7	-500
-151	46	0
3	-3	0
-11	-7004	-800
13	14	0
11	-27	0
102	-48	2
56	-95	0
109	8	2
8	-42	0
-4	60	0
25	-11	14
-6	-36	0
94	-84	2
11	9	0
13	-8	0
-5	1	-700
7	-41	0
-9	-1	-106
-19	-13	0
14	21	2
4	18	0
-50	-15	0
-5	7	0
99	-52	0
-35	-5	6
0	-4601	-104
-5	-6996	-800
0	-4603	-104
-12	-32	0
0	-4604	-110
49988	-50026	-71298
0	0	-98
-27	-61	0
-12	29	0
127	-6	9
129	-5	12
104	-6	16
53	-17	0
40	-72	0
50011	-50033	-71302
-95	-7	0
76	-105	0
-11	-7005	-800
50009	-50029	-71293
50003	-50033	-71302
-47	0	-2
63	-5	0
50	-77	0
62	-92	0
124	-2	10
49999	-50025	-71300
-23	-65	0
-2	1	0
-4	29	0
19	-13	0
-38	3	0
3	-1	-680
64	-96	0
1	1	-2
103	-97	0
-3	-13	0
3	-18	-498
16	-28	0
0	-4602	-106
0	-5	0
3	-3	-700
93	8	2
51	-81	0
-100	-3	2
15	-48	0
-34	1	0
-19	-15	2
27	-20	2
-7	-6999	-798
89	-38	-2
49994	-50026	-71298
68	-50	0
6	11	0
2	1	-1
100000	99994	100000
50004	-50043	-71309
18	11	0
-10	2	0
69	-84	0
-49	-64	0
-5	52	0
-18	-18	12
81	-18	0
174	12	10
5	-4	-700
-20	-43	0
63	-97	0
41	-74	0
-11	-24	0
-36	-7	0
16	-50	0
-126	4	0
67	-89	0
-10	-14	15
4	-3	-2
111	-12	18
-40	-11	-2
-101	5	0
-40	-12	-2
2	-25	-498
-15	45	0
-11	-29	-10
0	-15000	2
0	-5	-1
-47	-10	1
26	-13	0
-30	-12	6
-83	-8	2
-50	-7	0
-40	-5	-2
15	-7	0
0	-2	-680
21	-26	2
-10	5	0
88	-41	-4
-7	-10	0
82	-31	0
102	7	2
-37	-55	0
71	-45	0
40	-18	0
-15	-17	10
44	-17	0
100000	100002	100000
-38	-12	6
99995	100000	100000
103	8	2
-43	-65	0
-100	5	-1
50003	-50044	-71310
50004	-50043	-71310
34	-34	-4
10	20	0
196	-14	10
116	2	6
50007	-50024	-71300
-45	-57	0
77	-100	0
-28	-46	0
-7	-29	-6
-19	-12	0
-5	-1	2
36	-24	0
-130	5	-6
-9	-25	-4
85	-38	2
-11	-21	0
-39	-66	0
3	2	-680
-24	-47	0
49999	-50026	-71300
49999	-50024	-71300
78	-101	0
154	15	10
-126	3	0
74	-103	-2
49986	-50029	-71293
49989	-50028	-71296
-11	-13	-4
99998	100000	100000
12	0	-700
4	-27	-496
-152	31	2
35	-69	0
-3	5	-700
-45	-13	0
198	-5	10
1	-2	-4
50005	-50036	-71307
0	0	6
-31	-59	0
128	1	8
59	-87	0
108	8	2
61	-84	0
25	-9	11
3	-36	0
147	18	10
70	-103	0
67	-46	0
137	10	10
109	-59	32
8	-41	0
84	-23	0
50000	-50008	-71300
-33	-5	2
2	7	8
-9	-24	-2
-32	-7	0
21	-9	1
65	-74	0
15	12	0
134	8	10
0	2	0
126	-2	8
140	0	14
73	-97	-2
2	-26	-498
-1	-4601	-110
21	-11	10
19996	19997	19500
-10	53	0
54	-90	0
50000	-50031	-71299
110	10	4
-21	-17	2
2	3	0
49998	-50028	-71300
-31	-66	0
102	-10	16
-47	-12	-2
-11	-38	0
-53	6	0
110	-46	2
36	-32	-2
-154	37	0
-19	-17	12
-26	-61	0
-10	4	0
-41	-10	6
132	7	8
107	4	16
5	19	0
48	-18	0
129	5	8
-5	-1	-680
5	-37	0
32	-32	-1
50000	-50033	-71302
-2	-31	-2
92	-95	0
115	2	4
-1	-2	6
0	-4599	-110
101	-49	3
3	-20	0
-7	-3	4
115	8	8
135	8	10
50012	-50031	-71302
2	-1	-99
43	-74	0
89	-107	0
-5	-6998	-800
77	-97	0
159	14	10
142	15	10
-1	-4600	-102
-18	-13	2
19998	19997	19500
202	-16	10
13	-49	0
28	-18	0
112	-59	24
-12	-41	10
192	-16	10
-87	-8	2
49987	-50028	-71293
-49	9	0
-7	-5	-500
49990	-50029	-71298
-2	-6	-100
73	-39	0
49986	-50029	-71295
34	-30	0
-3	57	0
21	-27	0
67	-49	0
100001	100005	100001
-29	-16	0
0	-6	-500
74	-42	2
196	-6	10
-7	-29	-12
-24	-11	8
-10	-3	-102
2	5	0
146	17	10
2	-27	-498
190	-19	10
0	-7	0
1	-35	0
0	-1	-14998
-5	2	0
-14	-24	3
50010	-50032	-71302
-24	-11	7
-40	4	-2
0	-1	-680
16	-52	0
-101	-6	0
-29	-61	0
191	9	10
-19	-18	13
49993	-50027	-71298
15	1	0
74	-38	0
-51	9	0
-9	-28	0
2	-1	2
8	-1	-98
-24	-24	6
-153	28	10
-4	26	0
-15	-23	12
63	-92	0
50011	-50029	-71270
-31	-58	0
-3	4	-704
19	-27	0
75	-41	2
76	-8	0
49987	-50024	-71296
-8	3	-104
-8	-30	-6
4	-3	-680
72	-79	0
11	-27	2
6	-39	0
53	-82	0
1	11	0
-53	-6	0
50001	-50031	-71292
-1	6	2
20000	19999	15000
-50	-2	0
-36	-2	0
1	0	-96
-21	-67	0
-31	-3	0
-31	-12	6
-100	2	2
2	-31	-2
85	-34	-4
99996	99999	99997
-12	4	-106
-55	3	0
8	-43	0
38	-25	0
8	0	0
84	-38	2
50	-93	0
0	-4604	-102
8	-20	0
8	-6	-500
0	-1	6
152	15	10
69	-82	0
-39	-55	0
109	4	0
-41	-7	6
-153	27	10
111	-44	2
22	-17	0
200	-197	-200
-46	-15	0
-12	-35	2
-2	-5	0
72	-120	0
40	-20	0
11	-46	0
2	-26	-492
50	-80	0
-13	-34	0
49990	-50031	-71298
68	-85	0
21	-22	2
-47	1	-2
-37	-54	0
92	2	2
-10	-14	16
40	-23	0
-9	-27	-6
198	-31	10
30	-13	10
-33	1	0
7	18	1
-8	-30	-8
49989	-50027	-71294
1	-4602	-109
-12	30	0
1	-7	-700
-11	4	0
111	-56	20
-8	42	0
53	-81	0
-3	0	-700
-21	-21	0
-40	-67	0
49987	-50028	-71294
1	0	-91
53	-91	0
50009	-50029	-71289
20000	20001	16000
-17	-23	2
-20	-9	0
-57	-16	0
50002	-50029	-71302
3	-29	0
0	-19	-500
0	-4604	-109
108	5	16
130	-6	10
125	3	12
-55	9	0
-18	-8	0
-10	-14	13
-48	-11	-1
81	-41	0
103	-48	2
-27	-15	0
1	-26	-496
73	-43	2
-11	-1	0
3	-6	-100
32	-64	0
54	-92	0
-47	-10	0
-7	-13	4
19	-4	2
-45	-15	0
100003	100000	100000
50001	-50031	-71293
1	-4601	-102
-40	3	-2
4	-15	0
88	-40	0
-18	-24	2
-1	-4601	-106
-20	-6	0
113	-44	1
-20	1	0
53	-80	0
12	-18	0
-1	-4602	-110
17	-13	0
68	-45	0
49985	-50030	-71292
-18	-24	6
211	-26	10
-8	-12	0
5	-2	-700
64	-3	0
20000	19995	20002
0	-27	0
40	-22	0
28	-61	0
7	19	2
11	19	6
133	8	10
-30	-58	0
-52	7	0
200	-30	10
83	-39	0
-4	0	-1
57	-78	0
0	-23	-496
-7	4	-106
-10	-3	-104
49994	-50031	-71300
50004	-50035	-71306
148	18	10
-42	-15	6
-7	-19	0
2	0	0
67	-103	0
-32	-61	0
1	7	0
-45	-62	0
173	13	10
-47	-5	0
-47	-12	6
11	-18	0
88	-34	-6
199	-33	10
75	-7	0
10	-1	-98
104	-97	0
-16	-24	6
-5	-12	0
97	11	2
56	-98	0
97	-52	0
57	-106	0
-10	-13	14
37	-17	0
19	14	0
-131	5	0
20006	19998	19500
-10	-7000	-800
49995	-50033	-71292
-11	-15	10
113	-13	22
-122	-1	0
50002	-50042	-71310
41	-73	0
9	-1	-98
-14	-43	0
0	-4598	-104
-11	-14	12
1	-11	-703
-9	45	0
-11	-40	0
80	-40	0
204	-18	10
-9	-35	4
74	-44	3
134	2	26
50009	-50029	-71295
-152	51	0
111	-48	0
10	-45	0
60	-80	0
112	-59	25
5	-32	0
31	-25	0
0	-4600	-102
-5	-6	4
-62	-3	0
90	-106	0
-59	-3	0
-53	3	0
-17	40	0
86	-39	2
2	-10	0
2	-1	-14998
0	-4600	-108
-40	-65	0
0	0	1000
100	11	2
18	-12	10
0	-11	-96
-50	-62	0
-9	8	0
131	-5	14
142	-1	14
111	-45	0
14	11	0
-40	4	0
19998	20000	19500
-3	6	0
50009	-50029	-71274
82	-106	0
84	-27	0
26	-12	14
119	-52	0
20004	19997	19500
-3	-30	-2
4	-4	-688
60	-13	0
0	1	-100
0	2	-100
0	2	-101
0	1	-102
0	-3	-100
-3	0	-100
-3	-1	-100
-3	1	-100
-2	2	-704
2	-11	-702
-151	28	30
0	-30	0
-5	8	0
49992	-50025	-71298
85	-34	-6
95	-83	2
35	-31	-2
27	-14	0
108	-2	16
200	-197	-199
50007	-50000	-71300
103	-7	16
0	0	0
0	2	-99
-3	-5	-98
0	-1	0
-4	2	0
-6	0	0
-14	-2	0
-13	-3	0
-14	-4	0
-56	-3	0
1	0	-100
1	-1	-100
1	1	-100
2	1	-100
2	0	-100
4	-1	-98
-43	-3	0
-40	-7	-1
-50	-4	0
1	-1	1
-89	-7	2
0	0	-1
1	1	0
-5	-11	0
1	6	2
0	6	0
6	0	0
-9	-2	0
42	-17	0
77	-5	0
-13	0	0
-140	3	0
-1	1	0
-40	-55	0
104	8	2
113	3	4
1	-31	0
5	-31	-3
5	0	-1
82	-20	0
-22	-20	0
103	-52	4
93	-94	4
200	-200	-200
200	-201	-200
200	-199	-200
0	-1	-10
3	15	0
88	-90	0
88	-90	2
92	-88	2
1	-2	-10
-4	27	0
-50	-65	0
131	7	8
133	8	8
136	9	10
197	-14	10
204	-23	10
1	0	-98
1	0	10
93	-93	0
-15	-26	0
129	2	8
-48	-11	0
-9	-27	-8
-12	1	1
1	4	0
75	-44	2
-28	-63	0
-26	-58	0
105	-4	16
-1	-5	-700
-2	-1	-700
56	-103	0
-22	-13	2
18	13	0
-2	4	-704
-53	-4	0
119	-50	0
-33	-57	0
119	-56	0
2	11	0
3	4	0
-13	42	0
-131	5	-6
115	8	5
-50	9	0
4	10	8
-1	-16	0
19	-12	0
3	2	0
-138	2	0
144	14	10
-15	33	1
-2	4	-712
-5	-7001	-800
-20	-58	0
-39	-61	0
-14	-25	12
10	11	0
-32	-55	0
51	-21	0
18	10	0
208	-28	10
-8	44	0
123	-5	10
-5	-1	6
-12	-27	0
-11	-28	-12
-9	-10	0
-7	-30	-11
4	-2	-97
-149	37	-1
-11	3	-104
7	-42	0
-12	-21	10
19993	20004	20002
10	-41	0
-9	-36	4
50001	-50027	-71304
-100	1	2
110	-15	16
-9	-12	0
-13	-11	0
111	3	4
-27	-5	0
-3	-12	0
16	13	0
0	-4601	-109
0	-23	-500
-5	-29	0
17	12	0
20000	20005	19500
-7	-30	-6
50010	-49999	-71300
-13	-19	0
2	-1	-9
61	-81	0
-22	-67	0
-74	-8	0
86	-37	2
103	-50	0
-20	-14	2
-4	53	0
-40	-8	0
164	13	10
50003	-50041	-71310
1	-11	2
1	3	2
-11	-29	-12
95	-93	4
206	-28	10
-150	39	0
49992	-50028	-71298
4	-23	-496
-5	-35	0
-46	-13	0
-53	-13	0
-31	-16	0
-21	-16	2
-51	0	0
112	-56	20
6	-31	2
-5	30	2
0	-34	0
-92	-6	2
71	-44	-1
-50	-60	0
-19	-26	0
20006	20000	19500
90	-47	0
0	-4598	-102
0	-5	-500
-16	-21	10
-31	-7	0
3	-26	-496
11	8	0
74	-96	-4
114	-45	-2
92	-96	0
-5	-7	3
-15	-5	0
-13	-43	0
-1	0	0
50000	-50004	-71300
92	-94	4
-41	-3	6
196	0	10
15	10	0
86	-38	2
19998	19999	19500
50005	-50037	-71308
83	-37	-2
49995	-50026	-71298
47	-77	0
0	-6	-501
110	-13	24
-40	-7	0
-36	-12	6
-5	24	0
29	-24	2
-136	3	0
48	-95	0
-150	46	0
3	-37	0
-14	5	-108
0	0	-702
107	5	2
49992	-50031	-71298
0	-14999	4
-48	-11	3
45	-98	0
78	-11	0
-16	-29	0
-17	-29	0
-25	-58	0
121	-6	10
-1	0	-102
-2	-33	0
17	-49	0
50007	-50023	-71300
50000	-50028	-71306
89	0	0
-8	-23	0
50000	-50022	-71300
-4	4	-700
129	-7	12
68	-77	0
0	-10	-98
-4	-6999	-798
198	-28	10
87	-40	-4
209	-25	10
-38	1	0
14	13	0
-152	47	0
-47	-7	0
-31	-60	0
-19	-17	14
-48	-62	0
0	20	0
112	6	4
25	-60	0
-24	-11	3
47	-96	0
1	0	-94
15	-50	0
20000	19998	19500
5	-23	-496
49993	-50025	-71298
-7	-27	0
50001	-50023	-71300
85	-37	2
49998	-50029	-71302
36	-67	0
76	-99	-6
-10	-13	6
101	-49	0
133	1	12
-9	43	2
36	-34	-2
-10	1	8
-3	-3	-700
69	-65	0
-10	55	0
-23	-58	0
26	-13	9
2	-25	-500
74	-97	-6
12	-27	0
27	-13	13
21	-13	12
111	-103	0
49995	-50000	-71300
-6	-9	0
-1	-4600	-108
19999	19999	19500
25	-61	0
-1	3	-704
114	-9	16
0	-3	-10
-54	-15	0
11	19	4
-5	-7	2
-28	-45	0
5	-40	0
1	4	-4
-65	-14	0
-152	50	0
83	-43	0
115	8	6
-19	-18	12
114	-63	32
-4	30	2
19996	20003	19500
10	-11	0
50004	-50041	-71310
50001	-50028	-71303
-1	-1	-10
50009	-50029	-71296
-4	-6996	-798
119	-53	0
-41	-63	0
-35	-2	-2
130	1	8
-14	41	2
50000	-50019	-71300
-149	33	0
-17	-25	2
-5	-21	0
1	-3	0
-11	-29	-6
-9	-24	-3
2	-16	-94
5	-31	-1
-22	-42	0
49998	-50025	-71300
73	-58	0
86	-35	-3
-10	3	-105
49994	-50037	-71292
7	11	0
84	-40	-6
49	-77	0
2	4	-700
196	-34	10
-19	41	0
-12	-35	4
-12	29	1
-10	-13	8
28	-24	2
20000	20002	20002
50005	-50016	-71300
71	-105	0
68	-117	0
99997	100000	100000
-15	-22	0
4	7	5
112	-51	0
56	-101	0
66	-47	0
50001	-50010	-71300
-100	5	1
20000	19994	20006
89	-38	3
-25	-11	1
34	-32	-4
14	14	0
113	-43	0
6	-2	-680
-21	-24	6
190	10	10
27	-18	0
2	-3	-14998
-55	-2	0
-37	-4	-2
49	-78	0
1	-11	-702
204	-19	10
113	-11	16
-10	4	-100
10	0	-680
-5	-11	2
-152	52	0
-37	-50	0
89	-90	0
-53	1	0
-14	-24	10
89	-39	-2
74	-102	0
4	-2	-96
-48	7	0
33	-65	0
18	-55	0
-3	25	0
21	-24	2
-3	-18	-3
13	21	0
2	-14999	2
4	-2	-680
-6	0	2
27	-13	10
101	-51	0
12	-11	0
64	-12	0
109	-56	20
79	-97	0
3	-24	-496
193	-22	10
103	-50	4
77	-4	0
-17	-17	12
-5	-8	4
-10	-13	7
-150	52	0
-120	-1	0
-11	-29	0
51	-80	0
-12	1	2
-44	-15	0
3	-25	-492
-18	-15	2
-5	-7	-500
89	-39	0
-37	-53	0
78	-37	0
95	10	2
-76	-8	0
135	3	26
80	-3	0
-31	-4	0
55	-99	0
-109	-6	0
83	-36	0
-154	49	0
50001	-50031	-71294
50012	-50029	-71270
-52	-60	0
23	-17	0
20001	19999	19498
-42	-59	0
-40	-7	-2
91	7	2
-149	37	-2
86	-38	3
-12	45	-2
1	-5	0
86	-40	-4
-39	0	0
-40	-12	6
-20	-22	0
-10	2	-100
1	-1	10
-43	-62	0
71	-39	0
-47	3	-2
-95	-7	2
-29	-65	0
-7	-23	0
106	8	2
14	-7	0
109	-105	8
49995	-50032	-71300
3	7	0
115	-62	32
-38	-3	0
66	-115	0
-149	43	0
-11	-15	4
5	-14	0
74	-96	0
5	4	0
86	-40	-6
38	-20	0
63	-13	0
-39	-5	6
1	5	2
-15	-25	12
114	8	4
-55	2	0
-47	2	0
-3	-2	-100
141	15	10
195	-8	10
-40	-1	-2
4	-39	0
5	-3	-700
3	-21	0
109	8	4
2	-4	0
-3	-12	-96
79	-105	0
-7	-30	-12
79	-14	0
-137	3	-5
-9	-25	0
-6	59	0
-23	-11	8
170	15	10
20001	19996	20000
-153	29	20
-18	-15	14
-9	3	0
50009	-50029	-71281
-10	43	0
-100	-5	1
110	-48	0
-1	0	-680
127	-5	8
-41	-8	6
16	-48	0
0	-11	2
198	-14	10
1	-6	-500
134	2	21
49996	-50000	-71300
103	7	0
138	1	14
-30	-53	0
-16	-43	0
0	-8	-100
112	-6	16
20000	19992	19999
-3	-7	0
0	4	-680
50000	-50013	-71300
16	-13	0
81	-34	0
0	0	4
0	-2	-700
85	-40	-2
-100	0	2
-19	40	1
1	-4602	-106
59	-108	0
50009	-50029	-71288
90	13	2
1	0	-93
108	-1	16
18	-9	0
3	0	-700
32	-12	10
134	1	19
34	-35	-2
100001	100005	100005
199	-15	10
-13	-9	0
19	-56	0
24	-10	10
-9	-36	0
2	-7	-700
83	-36	-4
114	-10	16
5	-2	0
200	-17	10
20002	20000	19500
50006	-50023	-71300
84	-34	-2
8	-5	-500
9	-19	0
2	-5	0
-36	-21	6
15	9	0
49999	-50033	-71302
-4	0	0
-151	34	0
-100	-7	0
0	-9	2
73	-7	0
-14	42	0
20	-9	0
-29	-12	0
50006	-50000	-71300
22	-27	2
-31	-55	0
50006	-50015	-71300
-113	-4	0
-48	-65	0
15	-4	0
4	-37	0
115	-60	32
5	2	0
-48	-11	5
5	-31	2
0	-7	-100
71	-120	0
-50	0	0
134	-1	14
88	12	2
12	-49	0
-4	-2	6
-1	24	0
-11	-21	10
-10	-13	-3
99996	99999	100001
111	-103	2
-32	-3	0
5	5	0
62	-112	0
94	-94	0
19998	20001	20002
131	-5	13
3	-38	0
4	-3	-1
16	10	0
126	5	8
116	-50	0
200	-20	10
-74	-10	0
-10	2	4
-40	1	-2
116	-46	0
-11	54	0
-15	-4	0
106	-3	16
95	-85	2
138	13	10
25	-9	14
-11	-17	0
-57	-5	0
-22	-61	0
-6	52	0
50010	-50029	-71270
-105	-6	0
1	0	-680
26	-23	0
-3	-7000	-795
-38	-1	0
96	-51	0
107	-13	16
163	13	10
34	-33	-5
100001	100004	100006
74	-103	-7
0	10	0
71	-62	0
110	-104	4
4	-3	-683
-21	-6	0
85	-26	0
79	-95	0
115	8	7
74	-103	-12
-46	-11	0
-41	-4	6
-117	-1	0
67	-77	0
-23	-63	0
86	-39	-1
100001	100005	100002
1	-11	-700
92	-94	0
197	-26	10
101	-48	0
114	-13	22
0	-12	0
20000	20001	17000
-50	-11	0
-32	-3	-1
10	-15	0
12	-15	0
133	8	9
-72	-11	0
157	17	10
0	-3	-104
-8	4	-108
100001	100000	100000
-1	-4600	-104
1	24	2
-6	45	2
49989	-50024	-71298
1	-1	0
-22	-11	4
-10	-27	-6
101	-48	2
20001	19996	20006
-35	-7	0
108	1	16
-70	-10	0
-38	-10	0
0	0	10
49989	-50030	-71298
25	-11	8
-94	-6	2
2	-15	0
8	-1	0
8	-2	0
-10	3	4
102	7	0
0	-2	-2
-40	-3	6
36	-31	-2
24	-10	8
37	-27	2
107	3	16
-28	-8	0
7	-2	0
36	-33	-2
19999	20000	19500
31	-32	0
-16	-16	10
-11	-31	0
194	-30	10
-28	-47	0
50000	-50030	-71302
-42	-57	0
50009	-50029	-71270
-4	3	-2
92	4	2
153	15	10
20001	19999	19500
151	15	10
1	-4601	-104
83	-38	-6
49988	-50026	-71295
-48	9	0
-21	-64	0
-1	-10	0
21	-9	0
19	-12	10
-14	-24	6
-7	58	0
-2	-5	-700
87	-34	-2
20003	19997	19500
49995	-50019	-71300
-5	9	0
-31	-63	0
-9	3	-104
-11	-7001	-800
-126	5	0
-11	-13	-2
110	-13	22
8	-7	-500
-55	0	0
0	-4604	-106
-45	7	0
0	-4599	-106
-130	5	0
-1	3	-700
-42	-13	-2
-2	0	10
51	-92	0
-13	4	-109
50000	-50018	-71300
19999	20000	18000
-8	-27	-10
5	-39	0
-10	-13	0
87	-112	0
11	-48	0
42	-75	0
196	-24	10
94	-50	0
12	8	0
105	6	0
-38	6	0
2	-25	-493
-19	40	0
0	-25	-498
100004	100000	100000
-40	-2	-2
-26	-17	0
-54	-3	0
-36	-4	0
-8	-27	-12
-9	-24	-1
5	-2	-98
87	-111	0
22	-56	0
87	-110	0
61	-110	0
-51	7	0
107	5	0
-19	-8	0
50004	-50033	-71302
93	-93	3
50000	-50032	-71297
111	-46	2
-21	0	0
-34	-55	0
20002	19995	20000
118	2	6
143	15	10
0	0	-10
132	-1	14
-1	-26	0
86	-39	-2
-149	34	0
74	-7	0
-48	-11	2
60	-109	0
-131	3	-6
113	-50	0
-11	-40	10
-40	6	0
100002	100003	100005
-152	26	0
32	-32	0
50003	-50035	-71306
-5	36	0
71	-44	2
-27	-7	0
-10	1	1
-17	-16	12
9	-12	0
-6	-12	0
-13	4	-107
-93	-6	2
0	2	-102
15	14	0
109	-47	2
123	-3	10
-40	1	0
21	-9	8
2	-3	-2
127	-6	12
5	-31	-4
-46	9	0
-47	4	0
-5	-29	2
50002	-50033	-71302
75	-96	0
1	0	-700
84	-37	-6
2	-4	-694
6	-38	0
-19	-6	0
102	-9	16
-3	30	0
66	-91	0
141	-1	14
-33	-4	0
4	-3	-684
114	-13	23
50006	-50024	-71300
49987	-50028	-71296
-50	-64	0
1	0	-99
88	-40	-6
-80	-9	0
2	-24	-492
-2	11	0
-50	7	0
51	-17	0
49984	-50030	-71293
-36	-3	0
70	-119	0
55	-89	0
134	2	22
4	3	0
-152	27	0
70	-120	0
-152	29	20
-6	42	0
4	8	8
1	3	-700
0	3	-700
109	-48	2
46	-17	0
2	-14998	4
-41	-13	-2
-27	-11	2
13	-46	0
-1	0	10
0	-2	-1
-18	-5	0
197	-13	10
125	-1	10
-1	-4600	-109
199	-19	10
-5	-29	1
94	8	2
122	-4	10
20001	19994	20000
126	-7	8
49987	-50025	-71294
-132	5	-3
-24	-61	0
-40	2	-2
-35	-60	0
1	-29	0
-41	-55	0
0	-7000	-800
22	-55	0
37	-28	2
2	-3	-695
-84	-7	2
-44	-57	0
3	-18	-499
178	13	10
79	-96	0
106	6	2
112	-59	32
75	-99	-6
-10	1	5
90	1	0
179	13	10
-10	3	-100
105	8	2
116	-52	0
50009	-50029	-71298
198	-24	10
-11	-14	10
111	-13	22
91	5	2
-29	-58	0
-10	28	0
1	-15000	2
1	-7	2
88	-107	0
27	-24	0
-20	-24	6
9999	9999	9800
3	-27	0
-9	27	0
86	-40	-2
88	-34	-4
63	-93	0
-48	-11	1
139	1	14
-16	-22	2
-53	-9	0
2	1	2
-149	38	0
14	10	0
-32	-17	0
-42	-60	0
139	14	10
-137	3	-1
-6	0	6
20001	20000	19500
10	1	-680
1	-16	0
92	14	2
0	-2	-500
-5	30	1
-17	-24	-1
26	-13	4
14	-49	0
7	-40	0
-23	-55	0
-4	-6	-500
194	-16	10
95	-99	0
56	-17	0
-25	-61	0
129	7	8
1	-8	-500
84	-40	-4
21	-21	2
50000	-50001	-71300
20000	20000	25950
-37	-3	-2
95	-84	2
-1	-8	0
20000	19998	20002
155	15	10
8	-2	-98
-10	-30	-12
-51	-3	0
181	13	10
-9	46	0
110	-52	0
4	5	0
-9	-15	12
10	21	0
-3	34	0
-7	-7	0
-10	1	4
98	-95	0
-5	-7	0
-32	-21	0
-27	-44	0
-118	-1	0
0	-4599	-108
2	7	0
-139	1	0
-9	-28	-12
108	6	4
0	-2	-10
1	4	-3
50000	-50003	-71300
-9	3	-106
40	-74	0
-50	-13	0
-3	-7000	-796
-36	-5	6
0	-3	-104
3	1	0
-20	-12	2
-11	41	0
104	7	0
50003	-50031	-71300
5	1	0
-11	-13	14
-68	-10	0
-25	-55	0
20006	19999	19500
-12	-36	10
50002	-50028	-71304
-55	-5	0
50000	-50031	-71292
-5	-16	-1
2	-19	0
0	3	-680
7	-38	0
114	-15	24
-41	-9	6
-37	-5	-2
-15	33	2
26	-14	0
-100	-1	2
207	-25	10
-2	-17	0
34	-68	0
75	-97	-4
13	-18	0
36	-68	0
67	-70	0
100006	100000	100000
-40	5	0
140	15	10
19999	19994	19998
-6	-6	-500
100000	99995	100000
-53	-1	0
-24	-11	4
-29	1	0
-47	-13	-2
-8	-7	-500
-2	-7000	-794
-5	-11	3
111	-60	32
50000	-49990	-71300
-44	-62	0
12	-14	0
-46	-13	-2
69	-40	0
1	-1	2
35	-17	0
-38	-3	-2
-47	-2	0
108	4	0
-53	-7	0
-44	-3	-2
4	0	-700
0	-4	-700
11	-28	2
-41	-15	0
40	-21	0
-16	-23	1
-6	-31	-12
113	-59	32
-9	-14	4
9	-2	0
34	-14	10
2	-29	0
3	25	2
-34	-23	6
29	-13	6
20000	19997	20006
0	-4604	-105
-4	-31	0
97	4	0
0	5	-700
65	-92	0
2	-17	-500
106	9	0
49998	-50031	-71300
-40	0	-2
45	-76	0
49990	-50027	-71298
0	4	-700
19998	20002	20002
0	0	-700
-56	-16	0
-2	3	-708
1	-4602	-102
194	-20	10
99999	100005	100001
2	-33	0
26	-13	12
209	-28	10
-3	0	2
-9	54	0
-24	-19	0
-55	8	0
-37	-12	6
100000	99997	100000
9	-6	-501
-53	5	0
-38	-7	0
-48	-60	0
3	24	2
2	-3	0
-74	-9	0
109	-12	18
109	1	0
20001	20000	16000
0	-3	-680
-15	-44	0
-3	4	0
11	-47	0
-41	7	-2
-6	-26	0
105	-50	4
21	-9	5
-21	-13	2
-13	-17	10
-58	-16	0
-40	-3	-2
48	-79	0
-6	-19	0
-48	-13	0
-12	45	0
49989	-50025	-71298
2	-3	-699
-43	7	-2
64	-6	0
96	-86	2
1	-1	-10
112	-59	28
14	9	0
24	-22	2
1	13	0
-37	1	0
-19	-26	1
10	13	0
203	-22	10
-10	-13	4
210	-27	10
0	-31	0
112	-59	22
20005	19997	19500
-12	5	-108
-100	-2	2
21	-13	11
49996	-50019	-71300
9999	99999	100000
69	-42	0
49992	-50031	-71300
-1	0	-100
-41	-16	6
-10	1	3
0	5	2
-39	-67	0
4	7	8
86	-39	-5
84	-2	0
32	-31	-2
197	-25	10
2	14	0
-32	-22	0
-12	42	2
50000	-49989	-71300
-11	42	2
107	5	16
20001	19997	19998
19997	20004	20001
19999	20000	16000
88	-34	0
11	0	-700
-1	2	-704
2	-31	0
-49	-6	0
-4	42	0
99	11	2
50000	-50032	-71298
7	-13	0
-18	-10	0
14	-27	0
14	-46	0
19996	20002	19500
96	-100	0
111	3	0
-10	-13	-5
-134	3	-6
100	-48	1
1	-2	-14999
-43	-14	6
-5	44	0
14	-27	-2
50009	-50029	-71282
3	2	-2
94	13	2
50000	-50021	-71300
-10	3	0
50000	-49991	-71300
200	-16	10
74	-123	0
50009	-50029	-71279
3	23	2
109	-62	32
104	-12	16
10	14	0
-29	-3	0
72	-109	0
98	4	0
89	-35	0
-40	-5	0
-3	30	4
-12	1	5
116	2	4
13	12	0
-39	-64	0
-47	-6	0
-137	4	0
0	-5	-2
-27	-17	6
74	-102	1
61	-111	0
86	-107	0
-127	5	0
-14	-20	10
12	12	0
55	-17	0
-3	30	2
-5	-6999	-798
112	5	4
17	14	0
-46	-63	0
-51	-64	0
-24	-15	6
-47	0	0
50006	-50027	-71300
88	-40	-4
-43	7	0
-25	-5	0
108	9	4
94	-95	0
9	-13	0
-3	24	0
104	11	2
207	-26	10
0	-4603	-102
0	-4	0
81	-19	0
2	8	8
20	11	0
-53	-62	0
198	-34	10
-48	-7	-2
-1	-4600	-110
49993	-50000	-71300
137	-2	14
195	-29	10
35	-30	0
1	-3	2
20000	19997	20002
20001	20000	15000
-15	-25	10
-9	-27	-12
-10	1	7
0	-4	-500
11	13	0
-13	31	0
20002	19997	19500
118	-52	0
-4	-1	2
5	0	-98
15	-27	0
-19	-18	14
49999	-49990	-71300
176	12	10
110	-12	17
-7	-18	0
52	-93	0
2	0	10
-20	-15	12
74	-103	-6
194	2	10
-53	-8	0
161	13	10
-13	3	-108
1	0	-90
106	-13	16
50	-50	-15000
-5	0	-700
13	0	-700
-6	41	0
-100	-4	2
112	-103	4
-47	-10	-2
94	-93	4
33	-13	10
113	-55	0
-151	50	0
-1	-4602	-109
19996	20000	19500
-55	-14	0
-31	-1	0
-1	-12	0
3	-3	-698
-8	4	-106
20000	19999	19500
1	-4	0
112	-13	24
-58	-5	0
11	11	0
50000	-49986	-71300
-20	-28	0
-23	-19	0
-39	-1	0
-88	-8	2
111	-45	1
110	-56	20
136	-1	14
195	-33	10
126	2	9
94	-86	2
6	-21	0
-53	-2	0
-1	-4602	-102
85	-28	0
4	2	-680
29	-13	7
3	2	3
-17	-43	0
58	-78	0
200	-18	10
-56	-5	0
83	-3	0
40	-24	0
49988	-50026	-71297
-85	-8	2
2	-22	0
1	-4602	-104
26	-15	0
197	-35	10
2	1	-700
-53	7	0
86	-34	-2
-38	-3	1
26	-11	10
1	2	2
0	-10	-100
-10	5	-101
1	-11	-706
20	10	0
194	-22	10
-3	23	0
-5	0	2
19	-11	0
3	2	1